"A" "C" "D" "E" "F" "G" "H" "I" "K" "L" "M" "N" "P" "Q" "R" "S" "T" "V" "W" "Y"
"A" -22.660939 1.23918 0.738495 1.68382 0.294266 1.72505 0.502282 0.409044 0.902081 0.515897 0.691114 0.707123 1.64085 1.18154 0.455408 3.24629 3.50104 2.87049 0.114172 0.242797
"C" 1.23918 -16.2427612 0.231034 0.114192 1.08592 0.686078 1.54084 0.387361 0.0919732 0.801476 0.438331 0.787792 0.184741 0.172552 1.08002 2.26254 0.957629 1.00666 0.776562 2.39788
"D" 0.738495 0.231034 -16.0115547 5.88546 0.0822572 0.892084 0.773799 0.0789184 0.287645 0.09553 0.0818928 3.83352 0.245718 0.602192 0.15397 0.970155 0.47859 0.20783 0.0526263 0.319838
"E" 1.68382 0.114192 5.88546 -16.9377189 0.0917991 0.692807 0.453778 0.191292 1.16825 0.236226 0.241995 0.859842 0.33822 2.67402 0.322281 0.615703 0.579867 0.543233 0.0831018 0.161832
"F" 0.294266 1.08592 0.0822572 0.0917991 -24.1290389 0.0991316 1.18358 1.53326 0.12187 3.09071 1.50692 0.285599 0.145323 0.171405 0.150399 0.657714 0.23268 0.905015 2.38349 10.1077
"G" 1.72505 0.686078 0.892084 0.692807 0.0991316 -9.9074648 0.362881 0.0475212 0.345608 0.096017 0.139738 1.25901 0.28287 0.327161 0.514207 1.43487 0.319164 0.2553 0.301617 0.12635
"H" 0.502282 1.54084 0.773799 0.453778 1.18358 0.362881 -24.268202 0.164527 0.771445 0.581418 0.499894 3.60097 0.694766 3.8578 2.18335 0.794742 0.672178 0.165712 1.17842 4.28582
"I" 0.409044 0.387361 0.0789184 0.191292 1.53326 0.0475212 0.164527 -25.7846536 0.301121 4.7796 3.6793 0.396603 0.137049 0.186436 0.224159 0.218761 1.54555 10.9504 0.172943 0.380808
"K" 0.902081 0.0919732 0.287645 1.16825 0.12187 0.345608 0.771445 0.301121 -16.5257433 0.276884 0.550383 2.09106 0.332785 2.05146 4.6698 0.778748 1.16994 0.35197 0.0970311 0.165689
"L" 0.515897 0.801476 0.09553 0.236226 3.09071 0.096017 0.581418 4.7796 0.276884 -22.703958 5.26274 0.221439 0.757469 0.913765 0.46493 0.525108 0.388142 2.23911 0.991061 0.466436
"M" 0.691114 0.438331 0.0818928 0.241995 1.50692 0.139738 0.499894 3.6793 0.550383 5.26274 -20.6749218 0.371525 0.130816 0.852996 0.507155 0.313675 1.60161 2.59782 0.648725 0.558292
"N" 0.707123 0.787792 3.83352 0.859842 0.285599 1.25901 3.60097 0.396603 2.09106 0.221439 0.371525 -23.276658 0.196068 1.40137 0.568194 3.58574 2.12101 0.270121 0.102951 0.616721
"P" 1.64085 0.184741 0.245718 0.33822 0.145323 0.28287 0.694766 0.137049 0.332785 0.757469 0.130816 0.196068 -9.825409 1.32309 0.295459 1.65345 0.868885 0.346777 0.10199 0.149083
"Q" 1.18154 0.172552 0.602192 2.67402 0.171405 0.327161 3.8578 0.186436 2.05146 0.913765 0.852996 1.40137 1.32309 -20.254136 1.79087 0.727151 0.882591 0.399031 0.34479 0.393916
"R" 0.455408 1.08002 0.15397 0.322281 0.150399 0.514207 2.18335 0.224159 4.6698 0.46493 0.507155 0.568194 0.295459 1.79087 -15.808155 0.612391 0.505177 0.223556 0.696769 0.39006
"S" 3.24629 2.26254 0.970155 0.615703 0.657714 1.43487 0.794742 0.218761 0.778748 0.525108 0.313675 3.58574 1.65345 0.727151 0.612391 -23.773561 4.16103 0.392118 0.27913 0.544245
"T" 3.50104 0.957629 0.47859 0.579867 0.23268 0.319164 0.672178 1.54555 1.16994 0.388142 1.60161 2.12101 0.868885 0.882591 0.505177 4.16103 -22.336398 1.82015 0.250636 0.280529
"V" 2.87049 1.00666 0.20783 0.543233 0.905015 0.2553 0.165712 10.9504 0.35197 2.23911 2.59782 0.270121 0.346777 0.399031 0.223556 0.392118 1.82015 -26.093361 0.17915 0.368918
"W" 0.114172 0.776562 0.0526263 0.0831018 2.38349 0.301617 1.17842 0.172943 0.0970311 0.991061 0.648725 0.102951 0.10199 0.34479 0.696769 0.27913 0.250636 0.17915 -10.6173452 1.86218
"Y" 0.242797 2.39788 0.319838 0.161832 10.1077 0.12635 4.28582 0.380808 0.165689 0.466436 0.558292 0.616721 0.149083 0.393916 0.39006 0.544245 0.280529 0.368918 1.86218 -23.819094
